epsilon C-Ow	WCA	error	cos(teta)	error
0.025	147.9150385	0.811515908	-0.84726137	0.012000292
0.05	128.2710553	1.013164183	-0.619382499	0.010952572
0.075	109.0590867	2.244401617	-0.326543055	0.012791409
0.1	80.38954089	0.236600415	0.166948733	0.000689407
0.125	63.1474381	2.096688268	0.45169619	0.016529422
0.13	61.67373816	2.348939245	0.474491731	0.019452606
0.135	54.48889495	3.601807127	0.580860736	0.036514877
0.14	50.26944	2.97099487	0.639178103	0.033143713
0.15	24.46292527	10.47519572	0.910229418	0.1664142
0.175	0	0	1	0